(85.19257354736328, 376.6954345703125)
(664.7060546875, 314.6316223144531)
(751.3370971679688, 264.9497375488281)
(452.86993408203125, 285.4095458984375)
(628.2975463867188, 309.521728515625)
(839.5022583007812, 441.27264404296875)
(401.1861877441406, 278.6257019042969)
(244.91270446777344, 172.82669067382812)
(138.9850616455078, 472.72430419921875)
(686.9346313476562, 278.9033508300781)
(323.0133972167969, 268.444580078125)
(662.0829467773438, 435.6567077636719)
(644.131591796875, 407.5887145996094)
(417.20684814453125, 427.4805603027344)
(806.6080932617188, 275.6221923828125)
(131.5000762939453, 153.68165588378906)
(545.8499145507812, 307.3524169921875)
(112.56625366210938, 266.2203674316406)
(86.12671661376953, 223.67721557617188)
(195.96200561523438, 243.8834686279297)
(259.01617431640625, 279.6466369628906)
(361.75439453125, 420.0476379394531)
(92.79540252685547, 182.50013732910156)
(363.69622802734375, 475.7276611328125)
(779.8785400390625, 316.8396911621094)

(558.0186767578125, 214.77566528320312)
(361.8926086425781, 191.5712127685547)
(361.9744567871094, 191.1743927001953)
(558.0972290039062, 214.6861114501953)
(884.6035766601562, 254.9307861328125)
(828.1024169921875, 247.3385772705078)
(479.0859069824219, 205.51498413085938)
(339.33282470703125, 239.0318145751953)
(328.0474548339844, 237.81028747558594)
(478.97552490234375, 204.85894775390625)
(249.578369140625, 59.351959228515625)
(1083.3560791015625, 400.36773681640625)
(83.41626739501953, 34.0493278503418)
(249.53256225585938, 58.81987380981445)
(1021.4111328125, 184.55072021484375)
(449.033447265625, 236.04150390625)
(379.8497619628906, 229.28402709960938)
(339.7739562988281, 224.23770141601562)
(70.96998596191406, 474.5148010253906)
(328.49859619140625, 223.2021026611328)
(527.03173828125, 245.30792236328125)
(537.0829467773438, 245.44735717773438)
(415.94842529296875, 411.9346008300781)
(963.10205078125, 265.2833557128906)
(936.7405395507812, 205.79742431640625)
(389.7740173339844, 229.95912170410156)
(178.30902099609375, 144.921630859375)
(415.6678161621094, 412.1475830078125)
(429.42974853515625, 234.69798278808594)
(506.75714111328125, 242.46566772460938)
(792.5664672851562, 387.0998840332031)
(419.4624938964844, 233.4037628173828)
(516.9564819335938, 242.8829803466797)
(409.67364501953125, 232.39402770996094)
(402.41845703125, 365.2058410644531)
(496.62200927734375, 240.8501739501953)
(40.36811065673828, 132.20301818847656)
(532.0451049804688, 253.7019500732422)
(439.2597961425781, 234.95523071289062)
(414.4667663574219, 241.21421813964844)
(399.924072265625, 231.3616943359375)
(402.6687927246094, 365.1378479003906)
(1107.739501953125, 198.85191345214844)

(71.41183471679688, 322.3761901855469)
(556.63037109375, 300.3860778808594)
(467.5045166015625, 327.7402038574219)
(59.527652740478516, 395.49566650390625)
(584.8008422851562, 362.5204162597656)
(286.70819091796875, 124.9108657836914)
(377.0791931152344, 303.5710144042969)
(396.12408447265625, 333.1858215332031)
(457.23040771484375, 331.4110412597656)
(442.07861328125, 140.3494415283203)
(171.46437072753906, 114.0960922241211)
(280.6697692871094, 340.9768371582031)
(240.6702117919922, 120.46549987792969)
(467.05584716796875, 327.1475524902344)
(474.30377197265625, 143.94610595703125)
(571.2900390625, 319.0526428222656)
(90.82556915283203, 390.8880615234375)
(142.30410766601562, 380.2823181152344)
(611.77490234375, 296.4905700683594)
(209.37255859375, 337.8882751464844)
(28.456357955932617, 344.07952880859375)

(312.53985595703125, 419.5310363769531)
(605.6808471679688, 406.390380859375)
(435.5984191894531, 421.68951416015625)
(422.064208984375, 235.11959838867188)
(600.7330322265625, 414.3793640136719)
(509.1026611328125, 234.7941436767578)
(583.19775390625, 434.34857177734375)
(581.83251953125, 258.95806884765625)
(622.6614379882812, 410.4067077636719)
(301.5203857421875, 386.3031311035156)
(190.00953674316406, 438.83258056640625)
(611.6873168945312, 410.3080749511719)
(405.5052185058594, 433.6634826660156)
(508.4434509277344, 430.66058349609375)
(118.47958374023438, 450.0689697265625)
(582.478271484375, 316.4428405761719)
(326.1984558105469, 436.5320129394531)
(600.43896484375, 346.9009704589844)
(582.4081420898438, 316.3352966308594)
(621.3284912109375, 346.8684387207031)
(457.91180419921875, 405.814697265625)
(458.4153137207031, 405.52386474609375)
(496.8389892578125, 344.414794921875)
(298.3664245605469, 444.8338623046875)
(486.3551025390625, 419.1248474121094)
(586.5428466796875, 296.1413879394531)
(180.03375244140625, 419.2728576660156)
(29.514009475708008, 436.9855041503906)
(600.2612915039062, 346.9751281738281)
(439.7327880859375, 430.0448913574219)
(585.9864501953125, 316.1274108886719)
(409.3891296386719, 342.7642822265625)
(340.7834777832031, 444.89788818359375)
(130.4571075439453, 149.81765747070312)
(330.6100769042969, 455.7508850097656)
(573.9227905273438, 343.3704528808594)
(255.07627868652344, 428.261474609375)
(617.00927734375, 404.91943359375)

(50.706687927246094, 53.248680114746094)
(241.45501708984375, 350.135498046875)
(330.6069641113281, 411.3475036621094)
(298.3160705566406, 388.5460205078125)
(241.3201904296875, 349.4429626464844)
(121.46320343017578, 616.2276000976562)
(298.53851318359375, 388.4237976074219)
(455.0983581542969, 502.29132080078125)
(529.7776489257812, 632.884765625)
(330.9158020019531, 411.6182861328125)
(466.7626037597656, 452.6842041015625)
(50.04844284057617, 67.37448120117188)
(169.8205108642578, 163.7149658203125)
(435.5242004394531, 487.70428466796875)
(100.51152801513672, 503.1927795410156)
(102.82840728759766, 305.4466857910156)
(467.2881774902344, 571.39794921875)
(268.24407958984375, 524.2584838867188)
(99.22745513916016, 503.73236083984375)
(57.56006622314453, 68.4077377319336)
(426.49053955078125, 485.07122802734375)
(450.6083679199219, 562.7728881835938)
(50.694679260253906, 79.14199829101562)
(98.60285186767578, 503.5802001953125)
(268.0552673339844, 523.9654541015625)
(113.60279083251953, 235.12448120117188)
(105.80302429199219, 317.8487548828125)
(114.00695037841797, 253.45172119140625)
(209.9381103515625, 502.4185485839844)
(53.11353302001953, 80.04444122314453)
(450.7118225097656, 562.7471923828125)
(69.31461334228516, 249.47181701660156)
(105.08003234863281, 322.1783447265625)
(181.957275390625, 237.1033935546875)
(193.05918884277344, 213.23512268066406)
(241.4053192138672, 356.9111328125)

(382.5563049316406, 225.26979064941406)
(377.02545166015625, 282.1783752441406)
(111.54676818847656, 277.58380126953125)
(110.43793487548828, 277.597900390625)
(112.86382293701172, 53.606048583984375)
(314.1772155761719, 227.69615173339844)
(78.52654266357422, 279.0921630859375)
(75.52449798583984, 277.6139221191406)
(314.19769287109375, 228.96414184570312)
(310.25701904296875, 300.0564880371094)
(345.7533264160156, 250.85939025878906)
(78.21025085449219, 279.18646240234375)
(413.5517883300781, 305.6603088378906)
(199.34657287597656, 218.61463928222656)
(79.71321868896484, 246.47970581054688)
(218.06399536132812, 78.9473876953125)
(177.6256103515625, 296.04376220703125)
(310.56536865234375, 86.70770263671875)
(331.27197265625, 262.5737609863281)
(406.18341064453125, 259.73779296875)
(360.0836486816406, 261.2425231933594)
(151.0144805908203, 235.3262176513672)
(70.96693420410156, 279.3720703125)
(383.13128662109375, 287.3569030761719)
(69.60282897949219, 296.6181335449219)
(181.83888244628906, 289.62225341796875)
(359.78753662109375, 260.856201171875)

(529.0087280273438, 385.571533203125)
(283.8210144042969, 364.2589416503906)
(287.6217956542969, 372.8225402832031)
(316.85577392578125, 231.0268096923828)
(307.51416015625, 367.5470886230469)
(325.05023193359375, 241.98910522460938)
(10.824296951293945, 415.4688415527344)
(301.57220458984375, 368.031494140625)
(438.5143737792969, 372.5457763671875)
(14.0404634475708, 379.31781005859375)
(315.9986572265625, 383.45672607421875)
(294.3356628417969, 348.0401306152344)
(438.2481689453125, 371.1119079589844)
(376.63739013671875, 134.0135040283203)
(681.746826171875, 383.7064514160156)
(101.46318817138672, 237.77511596679688)
(212.20892333984375, 238.13670349121094)
(376.53143310546875, 132.3246612548828)
(552.4785766601562, 356.8150329589844)
(654.9921264648438, 369.9087829589844)
(724.38623046875, 398.54107666015625)
(566.9225463867188, 442.4248046875)
(102.78630828857422, 235.729736328125)
(710.5149536132812, 402.21844482421875)
(521.735107421875, 353.9908142089844)
(389.217041015625, 381.47857666015625)
(389.3611755371094, 383.46221923828125)
(129.53636169433594, 388.4193115234375)
(617.4924926757812, 349.17010498046875)
(521.14111328125, 360.4825439453125)
(95.96450805664062, 378.5209655761719)
(97.03227996826172, 378.7760009765625)
(305.3063049316406, 242.94004821777344)
(573.3482055664062, 434.57244873046875)
(99.05583190917969, 373.8749694824219)
(563.1077880859375, 247.51321411132812)
(275.997802734375, 382.9053955078125)
(124.62196350097656, 207.2913055419922)

(274.9643249511719, 126.15902709960938)
(245.18414306640625, 106.65154266357422)
(245.55682373046875, 125.75934600830078)
(245.44580078125, 123.57595825195312)
(123.0593032836914, 106.68470764160156)
(22.948165893554688, 125.35829162597656)
(275.1354064941406, 60.16469192504883)
(148.37025451660156, 106.3727035522461)
(274.73809814453125, 106.76213836669922)
(275.09063720703125, 58.467185974121094)
(197.56443786621094, 106.6941146850586)
(245.51544189453125, 125.80184173583984)
(79.02608489990234, 126.3617935180664)
(219.75448608398438, 106.69183349609375)
(22.945098876953125, 123.04568481445312)
(101.96914672851562, 96.23210144042969)
(23.170862197875977, 126.48849487304688)
(79.00863647460938, 126.5509262084961)
(275.6029357910156, 92.44087219238281)
(274.4309997558594, 92.6971435546875)
(78.85041046142578, 106.8644027709961)
(174.06356811523438, 106.79096221923828)
(219.72398376464844, 123.01004791259766)
(79.58311462402344, 131.11355590820312)
(219.75303649902344, 121.97571563720703)
(219.2443389892578, 96.76202392578125)
(100.35795593261719, 106.7755355834961)
(22.546794891357422, 58.57560348510742)
(123.52346801757812, 96.25901794433594)
(123.28743743896484, 122.94820404052734)
(245.22166442871094, 96.5819320678711)
(219.27993774414062, 125.98594665527344)
(79.52214050292969, 96.22223663330078)
(258.6293029785156, 47.4135856628418)
(22.37569236755371, 105.13274383544922)

(108.30696105957031, 193.497314453125)
(105.69881439208984, 169.9934539794922)
(638.872314453125, 160.85585021972656)
(311.1432189941406, 175.77883911132812)
(563.9212036132812, 233.5568389892578)
(622.8436889648438, 233.86773681640625)
(489.8559875488281, 130.73577880859375)
(78.57466125488281, 78.35698699951172)
(592.1656494140625, 236.0758514404297)
(608.0732421875, 208.14730834960938)
(545.797119140625, 232.9805450439453)
(342.66827392578125, 246.0886993408203)
(499.8929748535156, 217.1656494140625)
(558.5242919921875, 167.99423217773438)
(154.58993530273438, 133.6075897216797)
(341.9917907714844, 238.80368041992188)
(568.89453125, 112.90645599365234)
(539.05517578125, 133.3993377685547)
(168.94419860839844, 255.34860229492188)
(121.38971710205078, 214.10922241210938)
(412.86309814453125, 216.11911010742188)
(451.18914794921875, 210.0457305908203)
(529.0585327148438, 169.61300659179688)
(155.4622039794922, 135.67405700683594)
(409.9182434082031, 124.59717559814453)
(519.0303955078125, 211.2820281982422)
(256.3951721191406, 218.50479125976562)
(502.3865051269531, 167.6903076171875)
(121.20916748046875, 245.54306030273438)
(153.65919494628906, 237.24276733398438)
(257.1300964355469, 217.44683837890625)
(199.83399963378906, 217.16091918945312)
(443.3077697753906, 216.69039916992188)
(200.36248779296875, 216.14114379882812)
(556.6991577148438, 217.19482421875)
(302.9665222167969, 215.54322814941406)
(496.7850036621094, 117.17353057861328)
(498.22210693359375, 119.3697280883789)
(156.4396209716797, 144.11582946777344)
(475.8473815917969, 130.64503479003906)
(311.8716735839844, 209.42835998535156)
(444.75836181640625, 163.97848510742188)

(49.45241928100586, 1362.6336669921875)
(45.5494384765625, 1336.4468994140625)
(447.0513610839844, 776.5615844726562)
(1258.170654296875, 1997.1796875)
(233.51988220214844, 717.4293212890625)
(233.47622680664062, 736.9255981445312)
(1165.764892578125, 1939.75634765625)
(598.1637573242188, 972.863525390625)
(1165.7509765625, 1939.5374755859375)
(1394.6602783203125, 2019.7825927734375)
(1258.322021484375, 1997.104248046875)
(1231.7237548828125, 1926.7320556640625)
(45.43973922729492, 1393.42724609375)
(122.80364990234375, 790.8624267578125)
(1231.783203125, 1926.4466552734375)
(848.1068115234375, 1999.1121826171875)
(1394.6297607421875, 2019.6783447265625)
(837.347900390625, 1007.973388671875)
(741.9293212890625, 993.9991455078125)
(447.52105712890625, 758.7334594726562)
(572.4525146484375, 1042.3839111328125)
(488.40631103515625, 1031.5611572265625)
(1497.2349853515625, 1993.065673828125)
(530.5534057617188, 1036.60546875)
(754.6815185546875, 2016.4447021484375)
(545.0778198242188, 1981.3035888671875)
(516.5435791015625, 1035.2601318359375)
(558.5972900390625, 1040.5557861328125)
(503.3462219238281, 1987.6026611328125)
(502.5129699707031, 1033.5318603515625)
(530.9529418945312, 1983.4384765625)
(517.2545776367188, 1985.1566162109375)
(1159.8565673828125, 1058.47265625)
(1390.985595703125, 970.7644653320312)
(544.3753051757812, 1038.7974853515625)
(285.80584716796875, 1378.6141357421875)
(1390.8701171875, 970.4869384765625)
(1497.2166748046875, 1993.485107421875)
(1159.727294921875, 1058.214111328125)
(572.1983642578125, 1976.54150390625)
(1226.7333984375, 1069.8134765625)
(633.0980834960938, 1049.8922119140625)
(681.361328125, 1056.0643310546875)

(376.82672119140625, 80.44734191894531)
(376.6722412109375, 80.66751861572266)
(34.9433479309082, 188.14434814453125)
(117.81988525390625, 201.4482879638672)
(457.5492858886719, 367.1488952636719)
(491.50506591796875, 70.32320404052734)
(580.7643432617188, 25.831268310546875)
(480.2645263671875, 75.64298248291016)
(601.3644409179688, 45.18573760986328)
(440.67425537109375, 83.93653106689453)
(529.149169921875, 55.46355056762695)
(25.990304946899414, 457.39263916015625)
(452.3363037109375, 79.15448760986328)
(468.7696838378906, 80.71898651123047)
(429.33966064453125, 88.77059173583984)
(434.4361877441406, 94.92211151123047)
(457.1765441894531, 85.59600067138672)
(132.01119995117188, 380.77606201171875)
(412.56829833984375, 103.02703857421875)
(445.7308044433594, 90.65635681152344)
(540.5133056640625, 50.868595123291016)
(533.766845703125, 236.44961547851562)
(378.1114196777344, 88.00773620605469)
(598.411865234375, 19.985307693481445)
(384.7686767578125, 106.28870391845703)
(77.826416015625, 385.6007080078125)
(365.4597473144531, 122.37806701660156)
(551.0433349609375, 37.70111083984375)
(565.6102905273438, 32.43888854980469)
(386.82049560546875, 112.8126220703125)
(463.83184814453125, 74.49519348144531)
(342.0271911621094, 124.70792388916016)

(400.6275634765625, 89.07830047607422)
(463.5267333984375, 72.6311264038086)
(365.5338134765625, 98.12162017822266)
(520.953857421875, 73.00153350830078)
(264.1820373535156, 85.94857025146484)
(262.6283264160156, 68.60791778564453)
(279.3633728027344, 94.07598114013672)
(407.1471252441406, 94.3873519897461)
(253.9334716796875, 121.02498626708984)
(371.4665832519531, 103.04277038574219)
(283.7590637207031, 112.01715087890625)
(263.9491882324219, 105.12255859375)
(263.3946838378906, 107.05448150634766)
(263.2690734863281, 106.6356201171875)
(285.1635437011719, 92.92102813720703)
(282.41644287109375, 112.08162689208984)
(143.65953063964844, 172.8618927001953)
(469.7994689941406, 78.32109069824219)
(141.68536376953125, 174.35252380371094)
(258.3849792480469, 54.85999298095703)
(266.1260681152344, 103.7597427368164)
(367.442138671875, 248.68960571289062)
(198.40562438964844, 253.45928955078125)
(357.62725830078125, 103.2851333618164)
(392.9627685546875, 95.22992706298828)
(242.92694091796875, 86.52362823486328)
(218.7423095703125, 116.74707794189453)
(355.520751953125, 103.3917465209961)
(126.06743621826172, 180.03668212890625)
(130.6870880126953, 168.925048828125)
(360.0191650390625, 104.49161529541016)
(161.06863403320312, 158.7777557373047)

(86.2256088256836, 518.3137817382812)
(788.2357177734375, 255.9180145263672)
(735.1367797851562, 249.56658935546875)
(482.0305480957031, 220.60104370117188)
(408.51983642578125, 213.02178955078125)
(280.751220703125, 230.85162353515625)
(270.3587341308594, 229.87001037597656)
(239.1353302001953, 226.85812377929688)
(249.51490783691406, 227.63607788085938)
(218.48306274414062, 224.91497802734375)
(259.72100830078125, 228.82626342773438)
(217.68209838867188, 238.19740295410156)
(275.17510986328125, 237.842041015625)
(223.22238159179688, 233.10691833496094)
(317.14324951171875, 234.33267211914062)
(845.2813110351562, 216.72943115234375)
(244.12513732910156, 234.95147705078125)
(228.13211059570312, 239.1826934814453)
(228.6051483154297, 225.92352294921875)
(199.64158630371094, 88.75015258789062)
(238.54867553710938, 240.05184936523438)
(50.538692474365234, 70.07550048828125)
(269.6308898925781, 242.8941192626953)
(917.40478515625, 193.27127075195312)
(362.95037841796875, 239.06051635742188)
(212.7025604248047, 232.21791076660156)
(381.07373046875, 240.61911010742188)
(434.7123107910156, 245.8964385986328)
(425.199951171875, 244.83682250976562)
(72.587158203125, 501.6842346191406)
(335.6407775878906, 236.0825653076172)
(264.5568542480469, 237.0176239013672)
(372.0589599609375, 239.7820281982422)
(259.2695617675781, 241.90025329589844)
(326.2922058105469, 235.20361328125)
(353.8844909667969, 238.34063720703125)
(50.588802337646484, 70.1021728515625)
(444.1348876953125, 246.5817413330078)
(408.61810302734375, 213.3329620361328)
(462.9368896484375, 248.53253173828125)
(453.6026611328125, 247.8550567626953)
(72.16655731201172, 503.6885681152344)
(998.1520385742188, 206.87054443359375)
(199.65455627441406, 88.75267791748047)
(72.71659088134766, 504.01702880859375)
(233.49441528320312, 234.22030639648438)
(254.42396545410156, 235.87298583984375)
(321.4687194824219, 242.22369384765625)
(458.19464111328125, 255.26014709472656)

(634.9231567382812, 326.87451171875)
(164.73033142089844, 486.3190612792969)
(850.4365234375, 487.573486328125)
(966.2033081054688, 450.7060546875)
(594.6136474609375, 529.6755981445312)
(985.329345703125, 487.43804931640625)
(789.1907348632812, 530.0167236328125)
(642.1280517578125, 441.17327880859375)
(687.4358520507812, 530.0867309570312)
(584.097412109375, 449.482177734375)
(641.5603637695312, 441.8799133300781)
(639.6481323242188, 327.85333251953125)
(960.5618896484375, 531.0169067382812)
(858.8023681640625, 530.6237182617188)
(1050.42041015625, 531.2254028320312)
(591.8720703125, 486.53765869140625)
(629.4492797851562, 326.9154357910156)
(170.3949432373047, 446.3123779296875)
(191.76708984375, 348.4785461425781)
(299.1535339355469, 528.9829711914062)
(489.06005859375, 528.4625854492188)
(396.5955810546875, 483.50079345703125)
(191.5697021484375, 348.1082763671875)

(347.7489929199219, 57.99070739746094)
(347.6600341796875, 57.37356948852539)
(344.2611389160156, 60.041465759277344)
(73.6285400390625, 194.9221649169922)
(344.0714416503906, 155.4059295654297)
(230.75735473632812, 233.45030212402344)
(97.40416717529297, 161.51712036132812)
(74.17433166503906, 194.59742736816406)
(75.30978393554688, 42.832855224609375)
(111.12312316894531, 243.1834259033203)
(385.259521484375, 225.344482421875)
(386.49530029296875, 73.56922149658203)
(110.26358795166016, 243.54269409179688)
(175.54470825195312, 337.5955505371094)
(235.30288696289062, 69.09608459472656)
(176.9648895263672, 237.24752807617188)
(475.80133056640625, 19.650529861450195)
(311.510498046875, 85.52153015136719)
(175.14639282226562, 333.7549133300781)
(150.2855224609375, 248.07272338867188)
(175.23941040039062, 333.6304016113281)
(364.11639404296875, 175.97865295410156)
(184.57916259765625, 79.0550537109375)
(212.3128662109375, 207.85601806640625)
(309.89508056640625, 230.82797241210938)

(221.0842742919922, 339.5617370605469)
(434.57501220703125, 295.1581115722656)
(250.36402893066406, 338.97930908203125)
(404.1949768066406, 136.05767822265625)
(462.062744140625, 254.14491271972656)
(180.04307556152344, 331.4822082519531)
(232.5706329345703, 347.0587463378906)
(115.82057189941406, 320.22674560546875)
(436.8564147949219, 312.7351379394531)
(310.2764892578125, 322.9306945800781)
(311.34912109375, 338.0055847167969)
(224.396240234375, 234.2627410888672)
(56.58126449584961, 338.3488464355469)
(168.19168090820312, 346.78424072265625)
(158.78286743164062, 311.1255187988281)
(274.8554992675781, 238.430419921875)
(114.74288940429688, 318.9140319824219)
(446.77813720703125, 252.76731872558594)
(461.0426025390625, 269.7041931152344)
(177.60488891601562, 362.8662109375)
(158.2999267578125, 303.607666015625)
(325.5024108886719, 244.1501007080078)
(269.1288146972656, 348.4363708496094)

(110.72877502441406, 255.27122497558594)
(138.73675537109375, 136.14218139648438)
(324.7438659667969, 184.97154235839844)
(106.68446350097656, 150.29722595214844)
(104.6756820678711, 147.76788330078125)
(137.86231994628906, 137.9149169921875)
(311.178466796875, 183.11912536621094)
(435.9472351074219, 262.2264099121094)
(331.768310546875, 175.43031311035156)
(232.777587890625, 174.73623657226562)
(151.09744262695312, 160.36221313476562)
(86.2635269165039, 182.08749389648438)
(145.88682556152344, 164.30126953125)
(69.38162994384766, 181.01043701171875)
(70.79581451416016, 179.23570251464844)
(88.48274230957031, 136.58224487304688)
(79.49623107910156, 259.98541259765625)
(447.1026306152344, 222.4315948486328)
(365.2958679199219, 335.940185546875)
(373.44915771484375, 176.47499084472656)
(90.60173034667969, 132.1063995361328)
(220.9595184326172, 174.57571411132812)
(176.53639221191406, 169.0667724609375)
(26.613380432128906, 149.3085479736328)
(68.06133270263672, 181.7942657470703)
(86.065185546875, 181.41062927246094)
(165.04962158203125, 168.54855346679688)
(96.00110626220703, 123.43638610839844)
(90.66160583496094, 132.5572052001953)
(210.19793701171875, 172.54229736328125)

(938.0333251953125, 246.8168487548828)
(364.17449951171875, 235.00990295410156)
(1144.7781982421875, 255.82904052734375)
(1022.0013427734375, 250.32781982421875)
(489.7468566894531, 236.21263122558594)
(364.26409912109375, 234.7139434814453)
(938.1356201171875, 246.52584838867188)
(1144.7127685546875, 255.71168518066406)
(1022.0673217773438, 250.18995666503906)
(489.7806396484375, 236.03945922851562)
(580.9981079101562, 237.49606323242188)
(716.287109375, 586.6817016601562)
(513.852783203125, 585.6001586914062)
(685.6784057617188, 586.6997680664062)
(552.5059204101562, 279.8346252441406)
(220.35157775878906, 583.652099609375)
(731.4739379882812, 586.690673828125)
(483.3023681640625, 585.4522094726562)
(540.7214965820312, 279.65814208984375)
(431.2386169433594, 278.1885986328125)
(529.0665283203125, 585.5155639648438)
(250.20330810546875, 583.888916015625)
(511.30474853515625, 285.4151306152344)
(383.5234375, 283.8345947265625)
(205.24717712402344, 583.4638671875)
(420.59918212890625, 278.0753479003906)
(468.0365295410156, 585.4015502929688)
(517.308349609375, 279.2337341308594)
(523.0492553710938, 285.51007080078125)
(325.0887145996094, 277.23590087890625)
(1051.219970703125, 284.4277038574219)
(330.84124755859375, 283.0977478027344)
(1174.8466796875, 289.6674499511719)
(564.1677856445312, 280.0014343261719)
(309.2327575683594, 166.94036865234375)
(256.2484130859375, 121.75933837890625)
(342.2226867675781, 283.4501037597656)
(36.33169937133789, 581.7944946289062)
(546.5227661132812, 285.89666748046875)
(529.0739135742188, 279.525634765625)
(1125.0159912109375, 287.5254211425781)
(264.9043884277344, 583.9632568359375)
(331.39996337890625, 267.8538513183594)

(296.6728820800781, 507.4313049316406)
(196.8123779296875, 183.02859497070312)
(245.33204650878906, 488.5461120605469)
(44.79104995727539, 53.5424690246582)
(116.410400390625, 93.32538604736328)
(333.1640319824219, 514.0591430664062)
(121.22040557861328, 152.13406372070312)
(355.2486572265625, 503.28094482421875)
(116.6478271484375, 93.32294464111328)
(47.64789581298828, 499.2376708984375)
(165.7293243408203, 518.9754028320312)
(205.01220703125, 374.345703125)
(355.1997985839844, 503.75799560546875)
(228.81163024902344, 424.7434997558594)
(194.09715270996094, 521.4222412109375)
(280.3614501953125, 505.3042907714844)
(204.3706512451172, 374.28271484375)
(337.4845275878906, 512.1218872070312)
(183.57363891601562, 501.44110107421875)
(148.72117614746094, 241.97640991210938)
(59.99000930786133, 432.6628112792969)
(169.79237365722656, 151.16860961914062)

(437.7969970703125, 358.2176513671875)
(394.5965576171875, 353.32757568359375)
(276.6510314941406, 205.32933044433594)
(236.5053253173828, 203.89649963378906)
(94.49681091308594, 365.5058898925781)
(31.58583641052246, 212.99354553222656)
(560.7161254882812, 413.7217712402344)
(215.36911010742188, 202.64659118652344)
(113.32455444335938, 354.3312072753906)
(173.54615783691406, 178.70516967773438)
(123.1284408569336, 144.41952514648438)
(580.0767211914062, 389.8327941894531)
(579.947265625, 392.1231384277344)
(569.6936645507812, 407.7589111328125)
(230.57748413085938, 209.36801147460938)
(580.5908203125, 392.7609558105469)
(600.0674438476562, 358.27685546875)
(206.53375244140625, 206.20838928222656)
(568.5445556640625, 392.5434265136719)
(596.1489868164062, 374.62896728515625)
(542.7321166992188, 353.0603942871094)

(1296.892333984375, 861.29248046875)
(2737.86962890625, 858.3980102539062)
(1538.787109375, 889.6906127929688)
(3165.640625, 758.1316528320312)
(2738.0126953125, 888.0073852539062)
(3761.9931640625, 613.9249877929688)
(3084.552490234375, 893.14013671875)
(3165.7490234375, 780.4945678710938)
(3365.836181640625, 629.4205932617188)
(3365.943359375, 602.5132446289062)
(915.2679443359375, 779.6972045898438)
(916.2899169921875, 757.8056640625)
(2504.227783203125, 857.290771484375)
(1297.431640625, 891.78173828125)
(3761.99755859375, 639.6964721679688)
(2737.913330078125, 858.6552734375)
(3762.1787109375, 614.0183715820312)
(2504.513916015625, 887.477294921875)
(915.6593627929688, 779.3170776367188)
(3366.127685546875, 602.7280883789062)
(1296.947021484375, 861.7427368164062)
(976.68603515625, 864.1815185546875)
(3083.74755859375, 864.2197875976562)
(2942.338623046875, 1007.877197265625)
(2912.236572265625, 1007.8865966796875)
(2912.30712890625, 1007.7318115234375)
(2504.26416015625, 857.83544921875)
(2942.4306640625, 1007.6801147460938)
(977.3168334960938, 894.4458618164062)
(2971.514892578125, 1008.054931640625)
(3000.706787109375, 1007.9306640625)
(3030.09521484375, 1008.042724609375)
(976.7487182617188, 864.521484375)
(2942.291748046875, 976.0868530273438)
(1483.053955078125, 974.303466796875)
(3000.6943359375, 1007.7740478515625)
(1451.4769287109375, 974.41455078125)
(1220.6483154296875, 975.4960327148438)
(701.8546752929688, 629.8456420898438)
(1420.8021240234375, 974.5850830078125)

(574.7311401367188, 50.88449478149414)
(683.2884521484375, 56.68265151977539)
(818.4989624023438, 197.50534057617188)
(818.4993286132812, 197.5500030517578)
(924.6884765625, 174.4945526123047)
(537.6370239257812, 451.6794738769531)
(683.462646484375, 68.78594970703125)
(999.1533813476562, 366.5776062011719)
(560.5982055664062, 640.32421875)
(537.3717651367188, 454.3590393066406)
(924.6432495117188, 174.29176330566406)
(738.17529296875, 482.656494140625)
(629.7399291992188, 460.5251770019531)
(981.53955078125, 235.44638061523438)
(559.2503662109375, 638.5846557617188)
(650.44140625, 520.6246948242188)
(536.8110961914062, 457.5357971191406)
(537.0548095703125, 456.7071838378906)
(980.4284057617188, 235.74652099609375)
(982.0370483398438, 256.20159912109375)
(899.2994384765625, 362.6862487792969)
(246.32888793945312, 316.42401123046875)

(769.3447265625, 224.1324005126953)
(948.1676635742188, 220.79226684570312)
(950.9965209960938, 221.3844451904297)
(292.92315673828125, 103.66007232666016)
(509.6236572265625, 158.60696411132812)
(288.8385925292969, 88.24266815185547)
(699.115234375, 216.64031982421875)
(288.24566650390625, 88.08283996582031)
(212.6374053955078, 63.263099670410156)
(255.76295471191406, 59.189632415771484)
(190.19081115722656, 54.56474685668945)
(705.777099609375, 230.2407989501953)
(276.22564697265625, 94.33109283447266)
(22.229738235473633, 413.220458984375)
(301.1673583984375, 21.624309539794922)
(878.8643798828125, 172.91505432128906)
(275.7703857421875, 68.15324401855469)
(299.30865478515625, 456.5755310058594)
(300.404052734375, 470.9334716796875)
(232.59164428710938, 33.09536361694336)
(255.6936492919922, 84.7121353149414)
(700.0151977539062, 224.01284790039062)
(234.34930419921875, 48.773040771484375)

(716.5985717773438, 200.64849853515625)
(161.714599609375, 170.75100708007812)
(485.4118347167969, 226.0594940185547)
(716.7062377929688, 200.54393005371094)
(161.82913208007812, 171.06582641601562)
(173.77560424804688, 199.997314453125)
(583.2769165039062, 655.4641723632812)
(584.8978881835938, 655.5455322265625)
(891.408935546875, 427.01361083984375)
(583.59521484375, 656.13623046875)
(492.11871337890625, 269.3821105957031)
(140.1509246826172, 195.95628356933594)
(491.40936279296875, 269.5371398925781)
(274.5730285644531, 219.48849487304688)
(377.4236145019531, 287.5887145996094)
(273.43682861328125, 219.9540252685547)
(17.861244201660156, 228.48451232910156)
(105.01654052734375, 206.1663360595703)
(377.090087890625, 290.54315185546875)
(254.46946716308594, 279.27679443359375)
(979.126220703125, 144.64529418945312)
(274.66693115234375, 237.77159118652344)
(100.787841796875, 338.896728515625)
(250.0421600341797, 510.2120666503906)
(51.754661560058594, 219.79246520996094)
(380.1302490234375, 499.3933410644531)
(486.4744873046875, 234.5604705810547)
(710.349853515625, 278.1009216308594)
(978.039306640625, 135.53099060058594)
(101.06900024414062, 338.3080139160156)
(483.0663757324219, 490.1123962402344)
(251.19436645507812, 308.80072021484375)
(905.111572265625, 421.30120849609375)
(648.061767578125, 478.1898498535156)
(782.5897216796875, 229.6373291015625)
(786.5576171875, 227.90509033203125)
(135.64564514160156, 520.2372436523438)
(47.6867790222168, 346.9139404296875)
(139.070068359375, 347.1234436035156)
(396.7613525390625, 496.65264892578125)
(161.4664306640625, 188.2303466796875)
(835.42822265625, 455.1468200683594)
(136.80271911621094, 498.1058044433594)

(569.9110107421875, 189.7843475341797)
(565.3753662109375, 270.3826904296875)
(46.19831085205078, 289.6297607421875)
(48.557437896728516, 173.6025390625)
(48.6342887878418, 173.99429321289062)
(579.558837890625, 269.6081237792969)
(317.4075012207031, 238.5684051513672)
(130.98272705078125, 107.9204330444336)
(185.50640869140625, 142.0392303466797)
(547.3759155273438, 144.25186157226562)
(150.09152221679688, 264.19989013671875)
(548.356689453125, 143.80648803710938)
(492.4460754394531, 261.71148681640625)
(150.04141235351562, 263.4010314941406)
(185.5757598876953, 142.370361328125)
(511.7945251464844, 140.00758361816406)
(533.9348754882812, 268.61163330078125)
(454.85150146484375, 261.8367614746094)
(213.60601806640625, 162.0228729248047)
(203.0536346435547, 264.499755859375)
(520.1621704101562, 186.4395294189453)
(40.55819320678711, 155.75851440429688)
(48.38190841674805, 261.4959411621094)
(139.20870971679688, 237.9379119873047)
(192.21253967285156, 238.36073303222656)
(69.96258544921875, 165.6406707763672)
(198.75216674804688, 170.75)

(140.042236328125, 184.5201416015625)
(39.08708572387695, 148.64524841308594)
(100.67668914794922, 152.85745239257812)
(225.9228515625, 197.46539306640625)
(103.63916778564453, 150.9359130859375)
(117.99118041992188, 182.30160522460938)
(115.88399505615234, 180.9804229736328)
(130.95977783203125, 188.9999542236328)
(99.8179931640625, 153.8207550048828)
(227.75210571289062, 196.47254943847656)
(440.2753601074219, 194.09521484375)
(21.649517059326172, 181.26071166992188)
(275.2768859863281, 186.48594665527344)
(214.06285095214844, 196.68057250976562)
(129.13131713867188, 187.87615966796875)
(334.02069091796875, 206.8055419921875)
(439.7116394042969, 194.53089904785156)
(377.34307861328125, 195.79287719726562)
(442.0156555175781, 191.2884979248047)
(126.84942626953125, 185.97337341308594)
(378.521484375, 197.5733642578125)
(365.5924072265625, 205.89834594726562)
(88.0452651977539, 162.16815185546875)
(339.7117919921875, 206.5081329345703)
(357.0118408203125, 208.99412536621094)
(151.04147338867188, 189.43997192382812)

